a0=2;
a1=-3;
a2=-4;
a3=5;
